0 0.5703125000000001 0.7158203125 0.09179687499999978 0.1816406249999999
0 0.5668945312499999 0.65380859375 0.028320312499999778 0.0380859375
0 0.82373046875 0.8686523437500002 0.0908203125 0.09472656249999989
0 0.6650390625 0.95068359375 0.03125 0.0615234375
0 0.603515625 0.7080078125 0.03125 0.04296875000000011
0 0.60302734375 0.7299804687499999 0.0263671875 0.0283203125
0 0.6162109375 0.7758789062500001 0.01171875 0.03222656250000011
0 0.40771484375 0.49853515625 0.0322265625 0.0400390625
0 0.517578125 0.525390625 0.0390625 0.01953125
0 0.4912109374999999 0.49755859375 0.05468749999999978 0.0654296875
0 0.501953125 0.34423828125 0.048828125 0.0673828125
0 0.3427734375 0.29296875 0.04296875 0.025390625
0 0.3603515625 0.36962890625 0.041015625 0.0361328125
0 0.10986328125 0.08642578125 0.0458984375 0.0361328125
0 0.29541015625 0.1484375 0.0322265625 0.0546875
0 0.16552734375 0.08154296875 0.3310546875 0.1630859375