0 0.5050430297851564 0.15449063894996334 0.3322601318359374 0.3073156106336198
0 0.35283660888671886 0.24402025451395826 0.3147125244140624 0.3764408021853554
0 0.63531494140625 0.5875641281897528 0.3952026367187499 0.6387833966286893
0 0.562835693359375 0.7493420614298086 0.3318786621093749 0.20695915783863011
0 0.3724822998046876 0.6240005996402158 0.21133422851562494 0.2669231794256779
0 0.5456695556640626 0.9043407288959957 0.4020690917968749 0.1913185422080087
0 0.17956542968750006 0.8783146778599507 0.3591308593750001 0.24337064428009877
0 0.001037597656250097 0.5958924645212871 0.002075195312500194 0.4880405090279165
0 0.36885833740234386 0.6244170164567925 0.21781921386718744 0.26775601305883134
0 0.39441680908203136 0.3608251715637284 0.16822814941406244 0.18697115064294753
0 0.5292663574218751 0.716028716103671 0.10833740234374997 0.3460423745752548