0 0.09814453125 0.45751953125 0.1962890625 0.9150390625
0 0.11767578125 0.7314453125 0.2353515625 0.19140625
0 0.10498046875 0.5478515625 0.2099609375 0.1796875
0 0.09716796875 0.439453125 0.1943359375 0.255859375
0 0.326171875 0.76416015625 0.193359375 0.3427734375
0 0.5576171875 0.85693359375 0.2890625 0.2216796875
0 0.60302734375 0.6083984375 0.3505859375 0.26171875
0 0.65283203125 0.294921875 0.3330078125 0.318359375
0 0.35986328125 0.42578125 0.2763671875 0.330078125
0 0.26171875 0.2353515625 0.267578125 0.34375
0 0.45751953125 0.54736328125 0.0380859375 0.0439453125