0 0.4306640625000001 0.28417968749999994 0.09179687499999978 0.1816406249999999
0 0.4340820312500001 0.34619140625 0.028320312499999778 0.0380859375
0 0.17724609375000022 0.13134765624999994 0.0908203125 0.09472656249999989
0 0.3359375000000002 0.04931640625 0.03125 0.0615234375
0 0.3974609375 0.29199218750000006 0.03125 0.04296875000000011
0 0.3979492187500002 0.2700195312500001 0.0263671875 0.0283203125
0 0.384765625 0.22412109374999994 0.01171875 0.03222656250000011
0 0.59326171875 0.50146484375 0.0322265625 0.0400390625
0 0.4833984375 0.474609375 0.0390625 0.01953125
0 0.5097656250000001 0.50244140625 0.05468749999999978 0.0654296875
0 0.4990234375 0.65576171875 0.048828125 0.0673828125
0 0.658203125 0.70703125 0.04296875 0.025390625
0 0.640625 0.63037109375 0.041015625 0.0361328125
0 0.89111328125 0.91357421875 0.0458984375 0.0361328125
0 0.70556640625 0.8515625 0.0322265625 0.0546875
0 0.8349609375 0.91845703125 0.330078125 0.1630859375