0 0.419921875 0.04833984375 0.83984375 0.0966796875
0 0.42822265625 0.5634765625 0.2900390625 0.18359375
0 0.44921875 0.6435546875 0.220703125 0.078125
0 0.6396484375 0.63671875 0.154296875 0.083984375
0 0.5986328125 0.623046875 0.080078125 0.03515625
0 0.64111328125 0.55908203125 0.1396484375 0.0888671875
0 0.68359375 0.541015625 0.162109375 0.09765625
0 0.787109375 0.4130859375 0.310546875 0.197265625
0 0.57275390625 0.40771484375 0.1142578125 0.1787109375
0 0.4873046875 0.349609375 0.099609375 0.080078125
0 0.49755859375 0.4306640625 0.0498046875 0.0703125
0 0.62158203125 0.23095703125 0.3232421875 0.1689453125
0 0.9443359375 0.26806640625 0.09375 0.0732421875
0 0.82080078125 0.240234375 0.1220703125 0.0546875
0 0.8671875 0.1806640625 0.107421875 0.05078125
0 0.9150390625 0.18212890625 0.0703125 0.0634765625
0 0.53125 0.126953125 0.1328125 0.056640625