0 0.90185546875 0.54248046875 0.1962890625 0.9150390625
0 0.88232421875 0.2685546875 0.2353515625 0.19140625
0 0.89501953125 0.4521484375 0.2099609375 0.1796875
0 0.90283203125 0.560546875 0.1943359375 0.255859375
0 0.673828125 0.23583984375 0.193359375 0.3427734375
0 0.4423828125 0.14306640625 0.2890625 0.2216796875
0 0.39697265625 0.3916015625 0.3505859375 0.26171875
0 0.34716796875 0.705078125 0.3330078125 0.318359375
0 0.64013671875 0.57421875 0.2763671875 0.330078125
0 0.73828125 0.7646484375 0.267578125 0.34375
0 0.54248046875 0.45263671875 0.0380859375 0.0439453125