0 0.580078125 0.9521484375 0.83984375 0.095703125
0 0.57177734375 0.4375 0.2900390625 0.18359375
0 0.55078125 0.357421875 0.220703125 0.078125
0 0.3603515625 0.3642578125 0.154296875 0.083984375
0 0.4013671875 0.3779296875 0.080078125 0.03515625
0 0.35888671875 0.44189453125 0.1396484375 0.0888671875
0 0.31640625 0.4599609375 0.162109375 0.09765625
0 0.212890625 0.587890625 0.310546875 0.197265625
0 0.42724609375 0.59326171875 0.1142578125 0.1787109375
0 0.5126953125 0.6513671875 0.099609375 0.080078125
0 0.50244140625 0.5703125 0.0498046875 0.0703125
0 0.37841796875 0.77001953125 0.3232421875 0.1689453125
0 0.0556640625 0.73291015625 0.09375 0.0732421875
0 0.17919921875 0.7607421875 0.1220703125 0.0546875
0 0.1328125 0.8203125 0.107421875 0.05078125
0 0.0849609375 0.81884765625 0.0703125 0.0634765625
0 0.46875 0.8740234375 0.1328125 0.056640625