0 0.87060546875 0.73095703125 0.2568359375 0.2451171875
0 0.95654296875 0.8525390625 0.0849609375 0.150390625
0 0.4658203125 0.447265625 0.013671875 0.03125
0 0.494140625 0.4921875 0.01953125 0.03515625
0 0.517578125 0.498046875 0.0234375 0.03515625
0 0.52734375 0.5068359375 0.015625 0.025390625
0 0.5126953125 0.576171875 0.029296875 0.03515625
0 0.3056640625 0.51953125 0.033203125 0.02734375
0 0.1767578125 0.5185546875 0.025390625 0.041015625
0 0.1015625 0.2626953125 0.03515625 0.025390625
0 0.1982421875 0.4990234375 0.017578125 0.021484375