0 0.1321036889332004 0.26904296875 0.2622133599202393 0.2451171875
0 0.04436689930209372 0.1474609375 0.08673978065802593 0.150390625
0 0.5453639082751744 0.552734375 0.013958125623130608 0.03125
0 0.5164506480558326 0.5078125 0.019940179461615155 0.03515625
0 0.4925224327018943 0.501953125 0.023928215353938187 0.03515625
0 0.48255234297108673 0.4931640625 0.015952143569292122 0.025390625
0 0.49750747756729813 0.423828125 0.029910269192422734 0.03515625
0 0.7088733798604187 0.48046875 0.03389830508474576 0.02734375
0 0.8404785643070788 0.4814453125 0.0259222333000997 0.041015625
0 0.9172482552342972 0.7373046875 0.03589232303090728 0.025390625
0 0.8185443668993022 0.5009765625 0.01794616151545364 0.021484375