0 0.50048828125 0.52392578125 0.2919921875 0.1748046875
0 0.35888671875 0.3076171875 0.1376953125 0.13671875
0 0.451171875 0.2841796875 0.052734375 0.02734375
0 0.51171875 0.3056640625 0.056640625 0.0390625
0 0.5205078125 0.3544921875 0.03515625 0.05859375
0 0.6044921875 0.3544921875 0.0546875 0.015625
0 0.5517578125 0.4091796875 0.03125 0.03125
0 0.669921875 0.40234375 0.056640625 0.037109375
0 0.58984375 0.4248046875 0.033203125 0.0234375
0 0.59375 0.421875 0.025390625 0.037109375
0 0.61328125 0.416015625 0.025390625 0.052734375
0 0.6083984375 0.376953125 0.07421875 0.013671875
0 0.408203125 0.2880859375 0.025390625 0.03515625
0 0.3984375 0.3046875 0.029296875 0.037109375
0 0.40625 0.3603515625 0.013671875 0.02734375