0 0.50048828125 0.47705078125 0.2919921875 0.1748046875
0 0.64208984375 0.693359375 0.1376953125 0.13671875
0 0.5498046875 0.716796875 0.052734375 0.02734375
0 0.4892578125 0.6953125 0.056640625 0.0390625
0 0.48046875 0.646484375 0.03515625 0.05859375
0 0.396484375 0.646484375 0.0546875 0.015625
0 0.44921875 0.591796875 0.03125 0.03125
0 0.3310546875 0.5986328125 0.056640625 0.037109375
0 0.4111328125 0.576171875 0.033203125 0.0234375
0 0.4072265625 0.5791015625 0.025390625 0.037109375
0 0.3876953125 0.5849609375 0.025390625 0.052734375
0 0.392578125 0.6240234375 0.07421875 0.013671875
0 0.5927734375 0.712890625 0.025390625 0.03515625
0 0.6025390625 0.6962890625 0.029296875 0.037109375
0 0.5947265625 0.640625 0.013671875 0.02734375