0 0.4775390625 0.48974609375 0.09375 0.0439453125
0 0.373046875 0.5908203125 0.0859375 0.064453125
0 0.38916015625 0.6171875 0.0947265625 0.0703125
0 0.96728515625 0.8515625 0.0263671875 0.056640625
0 0.99951171875 0.9658203125 0.0009765625 0.013671875
0 0.5810546875 0.84912109375 0.052734375 0.0341796875
0 0.24169921875 0.4365234375 0.0205078125 0.01953125
0 0.7705078125 0.59423828125 0.068359375 0.0654296875
0 0.2626953125 0.5458984375 0.087890625 0.103515625
0 0.2705078125 0.61572265625 0.037109375 0.0341796875
0 0.580078125 0.87744140625 0.029296875 0.0322265625
0 0.68408203125 0.849609375 0.0205078125 0.01171875
0 0.5517578125 0.50146484375 0.056640625 0.0283203125
0 0.14111328125 0.451171875 0.0419921875 0.029296875
0 0.43017578125 0.51220703125 0.0185546875 0.0400390625
0 0.6796875 0.68994140625 0.0703125 0.0693359375
0 0.7275390625 0.5703125 0.021484375 0.029296875
0 0.98095703125 0.71044921875 0.0380859375 0.0595703125
0 0.56884765625 0.76708984375 0.0595703125 0.0576171875
0 0.5 0.60595703125 0.0703125 0.0712890625
0 0.4619140625 0.6669921875 0.080078125 0.087890625
0 0.5751953125 0.61279296875 0.076171875 0.0791015625
0 0.037109375 0.41650390625 0.07421875 0.1005859375
0 0.6162109375 0.7314453125 0.06640625 0.06640625
0 0.041015625 0.50439453125 0.01953125 0.0205078125
0 0.89990234375 0.61767578125 0.0771484375 0.0146484375
0 0.83544921875 0.59375 0.0732421875 0.01953125