0 0.5234375 0.51025390625 0.09375 0.0439453125
0 0.6279296875 0.4091796875 0.0859375 0.064453125
0 0.61181640625 0.3828125 0.0947265625 0.0703125
0 0.03369140625 0.1484375 0.0263671875 0.056640625
0 0.0009765625 0.0341796875 0.001953125 0.013671875
0 0.419921875 0.15087890625 0.052734375 0.0341796875
0 0.75927734375 0.5634765625 0.0205078125 0.01953125
0 0.23046875 0.40576171875 0.068359375 0.0654296875
0 0.73828125 0.4541015625 0.087890625 0.103515625
0 0.73046875 0.38427734375 0.037109375 0.0341796875
0 0.4208984375 0.12255859375 0.029296875 0.0322265625
0 0.31689453125 0.150390625 0.0205078125 0.01171875
0 0.44921875 0.49853515625 0.056640625 0.0283203125
0 0.85986328125 0.548828125 0.0419921875 0.029296875
0 0.57080078125 0.48779296875 0.0185546875 0.0400390625
0 0.3212890625 0.31005859375 0.0703125 0.0693359375
0 0.2734375 0.4296875 0.021484375 0.029296875
0 0.01953125 0.28955078125 0.0390625 0.0595703125
0 0.43212890625 0.23291015625 0.0595703125 0.0576171875
0 0.5009765625 0.39404296875 0.0703125 0.0712890625
0 0.5390625 0.3330078125 0.080078125 0.087890625
0 0.42578125 0.38720703125 0.076171875 0.0791015625
0 0.96337890625 0.58349609375 0.0732421875 0.1005859375
0 0.384765625 0.2685546875 0.06640625 0.06640625
0 0.9599609375 0.49560546875 0.01953125 0.0205078125
0 0.10107421875 0.38232421875 0.0771484375 0.0146484375
0 0.16552734375 0.40625 0.0732421875 0.01953125