0 0.7089253187613843 0.4714285714285714 0.3744990892531876 0.17900874635568514
0 0.3992714025500911 0.4962099125364431 0.3817850637522769 0.17959183673469387
0 0.34681238615664844 0.5384839650145772 0.48670309653916216 0.15801749271137028
0 0.19198542805100183 0.32857142857142857 0.2703096539162113 0.14635568513119532
0 0.21639344262295085 0.03965014577259475 0.26375227686703095 0.0793002915451895
0 0.4652094717668488 0.7262390670553935 0.19599271402550092 0.08454810495626822
0 0.7273224043715847 0.6778425655976676 0.5453551912568306 0.14752186588921284
0 0.5712204007285975 0.48629737609329443 0.05828779599271403 0.0641399416909621
0 0.2400728597449909 0.4956268221574344 0.04735883424408015 0.05481049562682215
0 0.13916211293260475 0.5498542274052478 0.029143897996357016 0.05481049562682215
0 0.11293260473588343 0.018950437317784254 0.02185792349726776 0.03790087463556851