0 0.23291015625 0.20068359375 0.0673828125 0.0791015625
0 0.45703125 0.9931640625 0.013671875 0.013671875
0 0.427734375 0.970703125 0.013671875 0.015625
0 0.3154296875 0.8935546875 0.0078125 0.025390625
0 0.3662109375 0.681640625 0.015625 0.01171875
0 0.392578125 0.6513671875 0.009765625 0.037109375
0 0.3525390625 0.4189453125 0.0078125 0.025390625
0 0.251953125 0.2294921875 0.013671875 0.009765625
0 0.19140625 0.51171875 0.009765625 0.015625
0 0.3837890625 0.048828125 0.0078125 0.0234375
0 0.3203125 0.0302734375 0.013671875 0.021484375
0 0.5029296875 0.5078125 0.01171875 0.015625
0 0.4990234375 0.4931640625 0.015625 0.017578125
0 0.5712890625 0.130859375 0.00390625 0.01953125
0 0.7529296875 0.6015625 0.015625 0.03125