0 0.29071038251366116 0.5279883381924197 0.3744990892531876 0.17900874635568514
0 0.6003642987249544 0.5032069970845481 0.3817850637522769 0.17959183673469387
0 0.6528233151183971 0.460932944606414 0.48670309653916216 0.15801749271137028
0 0.8076502732240437 0.6708454810495627 0.2703096539162113 0.14635568513119532
0 0.7832422586520947 0.9600583090379008 0.26375227686703095 0.07988338192419825
0 0.5344262295081967 0.27317784256559763 0.19599271402550092 0.08454810495626822
0 0.2724954462659381 0.32157434402332363 0.5449908925318762 0.14752186588921284
0 0.42841530054644805 0.5131195335276968 0.05828779599271403 0.0641399416909621
0 0.7595628415300546 0.5037900874635569 0.04735883424408015 0.05481049562682215
0 0.8604735883424407 0.4495626822157435 0.029143897996357016 0.05481049562682215
0 0.886703096539162 0.9807580174927113 0.02185792349726776 0.03848396501457726