0 0.76708984375 0.79931640625 0.0673828125 0.0791015625
0 0.54296875 0.0068359375 0.013671875 0.013671875
0 0.572265625 0.029296875 0.013671875 0.015625
0 0.6845703125 0.1064453125 0.0078125 0.025390625
0 0.6337890625 0.318359375 0.015625 0.01171875
0 0.607421875 0.3486328125 0.009765625 0.037109375
0 0.6474609375 0.5810546875 0.0078125 0.025390625
0 0.748046875 0.7705078125 0.013671875 0.009765625
0 0.80859375 0.48828125 0.009765625 0.015625
0 0.6162109375 0.951171875 0.0078125 0.0234375
0 0.6796875 0.9697265625 0.013671875 0.021484375
0 0.4970703125 0.4921875 0.01171875 0.015625
0 0.5009765625 0.5068359375 0.015625 0.017578125
0 0.4287109375 0.869140625 0.00390625 0.01953125
0 0.2470703125 0.3984375 0.015625 0.03125