0 0.5332031250000003 0.05029296874999989 0.3261718749999998 0.10058593749999978
0 0.5126953125000003 0.1577148437499999 0.3457031249999998 0.15527343749999978
0 0.45214843750000017 0.3056640625 0.296875 0.15625
0 0.48388671875000017 0.4404296875 0.3330078125 0.15625
0 0.52734375 0.5688476562499998 0.3125 0.13769531250000044
0 0.5273437500000001 0.7006835937499998 0.3476562499999998 0.13769531249999956
0 0.46582031250000017 0.8354492187499997 0.34960937499999956 0.1494140625
0 0.46435546875000017 0.9482421874999998 0.4638671875 0.10351562500000044
0 0.24365234375000022 0.6972656249999998 0.14550781249999956 0.36328125
0 0.24658203125000036 0.3559570312499998 0.12988281250000022 0.3193359375
0 0.2558593750000002 0.09375 0.14453124999999956 0.1875
0 0.40283203125000017 0.047851562499999944 0.045898437500000444 0.05078125000000011
0 0.35888671875000044 0.162109375 0.0205078125 0.0390625
0 0.3466796875 0.41357421874999956 0.01953125 0.0419921875
0 0.40527343750000017 0.5620117187499998 0.025390625000000444 0.032226562499999556
0 0.3779296875000002 0.7026367187499998 0.015624999999999556 0.03417968749999978
0 0.9228515625 0.46826171874999967 0.037109375 0.07910156250000022
0 0.9140625 0.35888671875 0.052734375 0.1201171875
0 0.88720703125 0.27197265625 0.0908203125 0.0751953125
0 0.2524414062500002 0.97021484375 0.0361328125 0.05957031250000022