0 0.05322265625 0.28369140625 0.1064453125 0.1005859375
0 0.0048828125 0.6982421875 0.009765625 0.0390625
0 0.3515625 0.947265625 0.052734375 0.025390625
0 0.326171875 0.82275390625 0.033203125 0.0244140625
0 0.4072265625 0.57568359375 0.044921875 0.0322265625
0 0.50439453125 0.49267578125 0.1201171875 0.0400390625
0 0.4775390625 0.5556640625 0.01953125 0.021484375
0 0.10986328125 0.56396484375 0.0224609375 0.0458984375
0 0.3408203125 0.37060546875 0.0234375 0.0341796875
0 0.3984375 0.3671875 0.0234375 0.0234375
0 0.8388671875 0.69921875 0.04296875 0.048828125
0 0.67236328125 0.7041015625 0.0419921875 0.02734375
0 0.8681640625 0.60498046875 0.05859375 0.0615234375
0 0.68505859375 0.33056640625 0.0361328125 0.0126953125
0 0.4560546875 0.515625 0.0390625 0.025390625