0 0.947265625 0.71728515625 0.10546875 0.1005859375
0 0.99560546875 0.302734375 0.0087890625 0.0390625
0 0.6494140625 0.0537109375 0.052734375 0.025390625
0 0.6748046875 0.17822265625 0.033203125 0.0244140625
0 0.59375 0.42529296875 0.044921875 0.0322265625
0 0.49658203125 0.50830078125 0.1201171875 0.0400390625
0 0.5234375 0.4453125 0.01953125 0.021484375
0 0.89111328125 0.43701171875 0.0224609375 0.0458984375
0 0.66015625 0.63037109375 0.0234375 0.0341796875
0 0.6025390625 0.6337890625 0.0234375 0.0234375
0 0.162109375 0.3017578125 0.04296875 0.048828125
0 0.32861328125 0.296875 0.0419921875 0.02734375
0 0.1328125 0.39599609375 0.05859375 0.0615234375
0 0.31591796875 0.67041015625 0.0361328125 0.0126953125
0 0.544921875 0.4853515625 0.0390625 0.025390625