0 0.46777343749999967 0.94970703125 0.3261718749999998 0.1005859375
0 0.48828124999999967 0.84228515625 0.3457031249999998 0.15527343749999978
0 0.5488281249999998 0.6943359375 0.296875 0.15625
0 0.5170898437499998 0.5595703125 0.3330078125 0.15625
0 0.4736328125 0.43115234375000017 0.3125 0.13769531250000044
0 0.4736328124999999 0.2993164062500002 0.3476562499999998 0.13769531249999956
0 0.5351562499999998 0.16455078125000044 0.34960937499999956 0.1494140625
0 0.5366210937499998 0.05175781250000022 0.4638671875 0.10351562500000044
0 0.7573242187499998 0.3027343750000002 0.14550781249999956 0.36328125
0 0.7543945312499997 0.64404296875 0.12988281250000022 0.3193359375
0 0.7451171874999998 0.90625 0.14453124999999956 0.1875
0 0.5981445312499998 0.9521484375 0.045898437500000444 0.05078125
0 0.6420898437499996 0.837890625 0.0205078125 0.0390625
0 0.654296875 0.5864257812500004 0.01953125 0.0419921875
0 0.5957031249999998 0.43798828125000017 0.025390625000000444 0.032226562499999556
0 0.6230468749999998 0.29736328125000033 0.015624999999999556 0.03417968749999978
0 0.07812499999999994 0.5317382812500002 0.03710937500000011 0.07910156250000022
0 0.0869140625 0.64111328125 0.052734375 0.1201171875
0 0.11376953124999996 0.72802734375 0.09082031249999989 0.0751953125
0 0.7485351562499998 0.02978515625000011 0.0361328125 0.05957031250000022