0 0.49501129518072295 0.6144578313253012 0.09770331325301204 0.04292168674698795
0 0.5046121987951807 0.5041415662650602 0.013365963855421686 0.005647590361445783
0 0.5399096385542168 0.5549698795180723 0.013554216867469878 0.006400602409638555
0 0.6863704819277109 0.40625 0.012424698795180723 0.005271084337349398
0 0.5784073795180722 0.4214984939759036 0.0062123493975903615 0.009036144578313253
0 0.36304593373493976 0.6390248493975903 0.01750753012048193 0.005082831325301205
0 0.5034826807228916 0.8133471385542169 0.011859939759036145 0.01148343373493976
0 0.7542356927710843 0.3661521084337349 0.006588855421686747 0.007153614457831326
0 0.7579066265060241 0.20114834337349397 0.006400602409638555 0.003953313253012048
0 0.7512236445783131 0.2377635542168675 0.008847891566265061 0.003765060240963855
0 0.6607680722891567 0.24209337349397592 0.00753012048192771 0.003765060240963855
0 0.6673569277108433 0.2520707831325301 0.006400602409638555 0.004141566265060241
0 0.4523719879518072 0.30798192771084343 0.009789156626506024 0.002635542168674699
0 0.46827936746987947 0.29339231927710846 0.009600903614457831 0.00470632530120482
0 0.5744540662650602 0.2893448795180723 0.009600903614457831 0.005271084337349398
0 0.5530873493975904 0.2778614457831325 0.006024096385542169 0.00753012048192771
0 0.49124623493975905 0.28717996987951805 0.0032003012048192774 0.0062123493975903615
0 0.36031626506024095 0.33697289156626503 0.008659638554216868 0.004894578313253012
0 0.2496234939759036 0.4479480421686747 0.007906626506024096 0.007718373493975904
0 0.2862387048192771 0.4704442771084338 0.0062123493975903615 0.006024096385542169
0 0.4279932228915662 0.6433546686746988 0.010353915662650603 0.00809487951807229
0 0.501788403614458 0.7188441265060241 0.011106927710843373 0.011859939759036145
0 0.6282003012048193 0.36135165662650603 0.006400602409638555 0.005082831325301205
0 0.34713855421686746 0.5347326807228916 0.00753012048192771 0.007718373493975904
0 0.2425640060240964 0.42582831325301207 0.0032003012048192774 0.007153614457831326