0 0.3225806451612903 0.2804939516129032 0.09778225806451613 0.03125
0 0.3853326612903226 0.35345262096774194 0.04536290322580645 0.2416834677419355
0 0.5217993951612903 0.4373739919354838 0.03553427419354839 0.028981854838709676
0 0.5071824596774194 0.4477066532258064 0.0057963709677419355 0.006300403225806451
0 0.48210685483870963 0.293976814516129 0.007056451612903225 0.00529233870967742
0 0.4986139112903226 0.2434475806451613 0.006804435483870967 0.0035282258064516124
0 0.4982358870967742 0.26638104838709675 0.015625 0.046875
0 0.5210433467741936 0.27860383064516125 0.019909274193548387 0.027469758064516132
0 0.5240675403225806 0.25894657258064513 0.03150201612903226 0.014868951612903225
0 0.395539314516129 0.10609879032258066 0.020917338709677418 0.058467741935483875
0 0.612273185483871 0.6745211693548386 0.014364919354838709 0.007308467741935484