0 0.3971774193548387 0.014868951612903225 0.015120967741935484 0.012096774193548387
0 0.4318296370967743 0.03263608870967742 0.004788306451612903 0.011340725806451613
0 0.4624495967741935 0.09236391129032258 0.018649193548387098 0.018397177419354836
0 0.6008064516129032 0.04359879032258064 0.008064516129032258 0.017137096774193547
0 0.5112147177419355 0.11529737903225805 0.020413306451612902 0.0078125
0 0.8359375 0.1336945564516129 0.026209677419354836 0.01688508064516129
0 0.6905241935483871 0.15574596774193547 0.006552419354838709 0.008568548387096774
0 0.3737399193548387 0.6460433467741936 0.02217741935483871 0.01789314516129032
0 0.35546875 0.5530493951612903 0.2774697580645161 0.12273185483870967
0 0.4233870967741935 0.6363407258064516 0.01965725806451613 0.02066532258064516
0 0.520539314516129 0.5350302419354839 0.009324596774193549 0.012096774193548387
0 0.553679435483871 0.6309223790322581 0.015625 0.016381048387096774
0 0.25239415322580644 0.6086189516129032 0.013356854838709678 0.005040322580645161
0 0.33014112903225806 0.5914818548387097 0.013608870967741934 0.02570564516129032
0 0.34627016129032256 0.3847026209677419 0.015625 0.014364919354838709
0 0.3247227822580645 0.22265625 0.020917338709677418 0.015877016129032258