0 0.502906976744186 0.5671027131782945 0.2354651162790698 0.1385658914728682
0 0.5462693798449613 0.5892684108527131 0.0692829457364341 0.07146317829457363
0 0.5171996124031008 0.6847141472868217 0.1996124031007752 0.1509205426356589
0 0.3637354651162791 0.8527131782945737 0.19064922480620156 0.2126937984496124
0 0.3947432170542635 0.7458817829457365 0.11506782945736434 0.07800387596899225
0 0.42853682170542634 0.8506540697674418 0.2887596899224806 0.28512596899224807
0 0.6740552325581396 0.5738856589147286 0.12814922480620156 0.1002906976744186
0 0.7059108527131783 0.5569282945736435 0.03197674418604651 0.06540697674418604
0 0.7415213178294573 0.6365067829457364 0.07751937984496124 0.09714147286821705
0 0.560562015503876 0.7724079457364341 0.07606589147286821 0.09326550387596899
0 0.6816860465116279 0.6905281007751938 0.13032945736434107 0.15528100775193798