0 0.5147689006024097 0.46673749999999997 0.052146084337349394 0.041603915662650606
0 0.6677244728915663 0.16810993975903615 0.07868975903614459 0.05308734939759037
0 0.49263573042168673 0.4840791980421687 0.005082831325301205 0.01581325301204819
0 0.6511402861445783 0.7181359186746987 0.04743975903614458 0.05666415662650602
0 0.45144416415662647 0.8621225527108434 0.04762801204819277 0.014118975903614458
0 0.6710592432228915 0.8847040662650603 0.015436746987951808 0.006965361445783133
0 0.7658132530120482 0.7790850903614458 0.014307228915662652 0.009224397590361446
0 0.6850527108433735 0.5826430722891567 0.011295180722891566 0.01280120481927711
0 0.41905120481927705 0.6850527108433735 0.013930722891566267 0.006777108433734939
0 0.6984186746987951 0.5104480421686747 0.01280120481927711 0.008471385542168674
0 0.659073795180723 0.4773155120481928 0.007153614457831326 0.01223644578313253
0 0.23390436746987947 0.729480421686747 0.007718373493975904 0.014307228915662652