0 0.48651960784313725 0.2653186274509804 0.18995098039215685 0.11825980392156862
0 0.6606924019607844 0.3552389705882352 0.18474264705882354 0.20251225490196076
0 0.45419730392156865 0.3727022058823529 0.25582107843137253 0.11060049019607843
0 0.5926776960784313 0.43075980392156865 0.033394607843137254 0.013480392156862744
0 0.1924019607843137 0.7682291666666666 0.13480392156862744 0.2282475490196078
0 0.7388174019607843 0.13128063725490197 0.024816176470588237 0.014399509803921568
0 0.42003676470588236 0.6741727941176471 0.2689950980392157 0.4371936274509804
0 0.3782169117647059 0.7547487745098038 0.12346813725490195 0.1412377450980392
0 0.735906862745098 0.03768382352941176 0.05514705882352942 0.04534313725490196
0 0.7605698529411765 0.5595894607843137 0.035845588235294115 0.02665441176470588
0 0.46017156862745096 0.8393075980392156 0.017769607843137254 0.035845588235294115
0 0.482077205882353 0.15349264705882354 0.03216911764705883 0.05514705882352942
0 0.33854166666666663 0.39736519607843135 0.024509803921568627 0.049019607843137254