0 0.4959781044407895 0.495 0.046366159539473664 0.023499999999999945
0 0.48014879728618426 0.495875 0.00972193667763158 0.007249999999999944
0 0.5349904913651315 0.43012500000000004 0.02418020148026313 0.02325
0 0.5559300472861843 0.47075000000000006 0.015704666940789473 0.008
0 0.4939838610197369 0.48650000000000004 0.010968338815789503 0.008
0 0.49959267064144736 0.4866250000000001 0.00722913240131579 0.006750000000000001
0 0.5113088507401315 0.48324999999999996 0.008226254111842133 0.003
0 0.4405132092927631 0.536625 0.010220497532894737 0.00825
0 0.4473684210526315 0.5085 0.004985608552631579 0.01
0 0.4402639288651316 0.51525 0.01670178865131579 0.013999999999999943
0 0.40112690172697374 0.5125 0.01720034950657895 0.0125
0 0.3880396792763158 0.55325 0.0064812911184210535 0.011
0 0.4076081928453948 0.5487500000000001 0.009223375822368422 0.010499999999999999
0 0.3353168688322369 0.6128750000000001 0.009223375822368422 0.01175
0 0.3014147306743421 0.642125 0.006232010690789474 0.01075
0 0.35114617598684206 0.565375 0.01395970394736842 0.00825
0 0.32210500616776316 0.599625 0.06556075246710527 0.08675000000000001