0 0.2263221153846154 0.4608173076923078 0.22091346153846153 0.3283653846153846
0 0.17548076923076925 0.41165865384615385 0.3307692307692308 0.25456730769230773
0 0.1868990384615385 0.4681490384615385 0.3540865384615385 0.3665865384615385
0 0.36442307692307696 0.2784855769230769 0.10673076923076923 0.0733173076923077
0 0.8334134615384616 0.4471153846153847 0.33125 0.3293269230769231
0 0.8512019230769232 0.4072115384615385 0.2951923076923077 0.24855769230769234
0 0.8778846153846155 0.3713942307692308 0.24182692307692308 0.15048076923076922
0 0.6834134615384616 0.7596153846153847 0.08076923076923077 0.11971153846153845
0 0.4461538461538462 0.8415865384615385 0.28317307692307697 0.06586538461538462
0 0.045072115384615384 0.5445913461538462 0.09014423076923077 0.1060096153846154
0 0.4360576923076923 0.47716346153846156 0.17740384615384616 0.28942307692307695