0 0.38529759457236845 0.569 0.03041221217105263 0.028000000000000004
0 0.45933388157894744 0.5886250000000001 0.012962582236842107 0.00425
0 0.4653166118421053 0.632125 0.0074784128289473685 0.01125
0 0.3866686369243421 0.597375 0.00573344983552633 0.00875
0 0.5387296977796053 0.667875 0.01670178865131579 0.01975
0 0.5296309621710527 0.686 0.008974095394736844 0.013500000000000002
0 0.551318359375 0.672625 0.015455386513157896 0.0052499999999999995
0 0.578614566200658 0.80275 0.008724814967105265 0.014499999999999999
0 0.6191226356907895 0.81225 0.0074784128289473685 0.012000000000000113
0 0.5859683388157895 0.5775 0.014956825657894737 0.007000000000000001
0 0.3250963712993421 0.5487500000000001 0.013710423519736841 0.0095