0 0.4994680304276316 0.0455 0.03041221217105263 0.012499999999999994
0 0.5010883532072369 0.46724999999999994 0.050105365953947364 0.0235
0 0.5181640625000001 0.49275 0.003988486842105235 0.010999999999999944
0 0.5720086348684211 0.47700000000000004 0.010968338815789475 0.009
0 0.3925267269736842 0.57325 0.005982730263157895 0.013000000000000001
0 0.44200889185855263 0.61825 0.013710423519736841 0.010499999999999999
0 0.4435045744243421 0.622125 0.009223375822368422 0.0072499999999999995
0 0.36523052014802626 0.7255 0.023183079769736832 0.008
0 0.37345677425986845 0.712875 0.00972193667763158 0.01475
0 0.32659205386513157 0.79225 0.010220497532894737 0.019
0 0.4350290398848684 0.9506250000000002 0.020191714638157894 0.015750000000000115
0 0.5863422594572368 0.9372499999999999 0.014208984375 0.015
0 0.38704255756578954 0.5720000000000001 0.005484169407894738 0.0095
0 0.5332455283717106 0.463375 0.00722913240131579 0.00975
0 0.5577996504934211 0.39525 0.004985608552631579 0.006
0 0.5625359786184211 0.078625 0.0064812911184210535 0.0032500000000000003
0 0.7015098170230263 0.9577500000000001 0.01869603207236848 0.035999999999999886
0 0.512305972450658 0.7983750000000001 0.015704666940789473 0.028250000000000004
0 0.30889314350328945 0.7313750000000001 0.01919459292763158 0.02475
0 0.3793148643092105 0.7465 0.02891652960526316 0.0175
0 0.2822201377467105 0.7671250000000001 0.011217619243421054 0.01125