0 0.3590686274509804 0.2584252450980392 0.4681372549019608 0.5168504901960784
0 0.25704656862745096 0.1219362745098039 0.23223039215686275 0.2003676470588235
0 0.4215686274509804 0.6038602941176471 0.5931372549019608 0.5379901960784313
0 0.556219362745098 0.3157169117647059 0.1871936274509804 0.10386029411764705
0 0.6692708333333333 0.20971200980392157 0.16636029411764705 0.17371323529411764
0 0.7833946078431373 0.38985906862745096 0.18321078431372548 0.16268382352941174
0 0.7362132352941175 0.3051470588235294 0.1844362745098039 0.16482843137254902
0 0.8514093137254901 0.37760416666666663 0.04718137254901961 0.04932598039215686
0 0.6458333333333334 0.6822916666666666 0.45710784313725494 0.3952205882352941
0 0.44347426470588236 0.8481924019607842 0.053002450980392156 0.06464460784313726
0 0.2579656862745098 0.891390931372549 0.2659313725490196 0.18903186274509803
0 0.4592524509803922 0.8495710784313726 0.2156862745098039 0.17463235294117646
0 0.7216605392156863 0.8658088235294118 0.30667892156862747 0.26838235294117646