0 0.4253472222222222 0.7211061507936508 0.2718253968253968 0.25669642857142855
0 0.2808779761904762 0.5758928571428571 0.04241071428571429 0.04265873015873016
0 0.3002232142857143 0.6063988095238095 0.028521825396825396 0.017857142857142856
0 0.3639632936507936 0.7125496031746031 0.041914682539682536 0.04414682539682539
0 0.29637896825396826 0.7145337301587301 0.03273809523809524 0.010912698412698412
0 0.3390376984126984 0.7121775793650793 0.020833333333333332 0.02554563492063492
0 0.3737599206349206 0.9299355158730158 0.043154761904761904 0.044394841269841265
0 0.4009176587301587 0.9078621031746031 0.022073412698412696 0.035962301587301584
0 0.37996031746031744 0.9062499999999998 0.017857142857142856 0.02232142857142857
0 0.6798115079365079 0.6972966269841269 0.04662698412698412 0.07366071428571427
0 0.7001488095238095 0.6919642857142857 0.01984126984126984 0.056051587301587304
0 0.6984126984126984 0.6436011904761905 0.02132936507936508 0.039186507936507936
0 0.694940476190476 0.6540178571428571 0.008928571428571428 0.020337301587301588
0 0.6786954365079365 0.6432291666666666 0.02256944444444444 0.03546626984126984
0 0.6741071428571429 0.6324404761904762 0.0248015873015873 0.04117063492063492
0 0.6416170634920635 0.6061507936507936 0.05009920634920635 0.07886904761904762
0 0.6402529761904762 0.6605902777777778 0.04538690476190476 0.02901785714285714
0 0.6254960317460317 0.6822916666666666 0.020337301587301588 0.025297619047619048
0 0.6460813492063492 0.6796874999999999 0.017857142857142856 0.012648809523809524
0 0.5953621031746031 0.6481894841269841 0.04290674603174603 0.08209325396825397
0 0.6047867063492063 0.566220238095238 0.018601190476190473 0.023809523809523808
0 0.597718253968254 0.597594246031746 0.01388888888888889 0.031001984126984128
0 0.5825892857142858 0.585813492063492 0.012896825396825396 0.02728174603174603
0 0.5829613095238095 0.5736607142857142 0.016121031746031744 0.017857142857142856
0 0.5689484126984127 0.6711309523809523 0.014384920634920634 0.03373015873015873
0 0.2724454365079365 0.4006696428571428 0.0523313492063492 0.04489087301587301