0 0.41434487951807225 0.12622364457831325 0.01506024096385542 0.012989457831325301
0 0.4030496987951807 0.16594503012048192 0.01016566265060241 0.01148343373493976
0 0.44032379518072295 0.234375 0.007153614457831326 0.014683734939759035
0 0.44512424698795183 0.26731927710843373 0.013742469879518071 0.01506024096385542
0 0.5086596385542169 0.32878388554216864 0.01618975903614458 0.01750753012048193
0 0.503953313253012 0.39194277108433734 0.05647590361445783 0.051957831325301206
0 0.5277673192771084 0.386671686746988 0.018637048192771084 0.04555722891566265
0 0.48578689759036137 0.44117093373493976 0.0062123493975903615 0.020143072289156627
0 0.5607115963855421 0.5890436746987951 0.025414156626506024 0.010542168674698796
0 0.5239081325301205 0.643542921686747 0.03953313253012048 0.02240210843373494
0 0.7096197289156627 0.7159262048192772 0.022778614457831324 0.03012048192771084
0 0.37085843373493976 0.43825301204819284 0.012424698795180723 0.016566265060240965
0 0.3565512048192771 0.38874246987951805 0.016566265060240965 0.011671686746987951
0 0.4770331325301204 0.5532756024096386 0.02371987951807229 0.013177710843373495
0 0.49501129518072284 0.48974021084337355 0.02466114457831325 0.013365963855421686
0 0.5465926204819278 0.6829819277108433 0.078125 0.08019578313253012
0 0.6160579819277109 0.7433170180722891 0.052522590361445784 0.027673192771084338
0 0.7575301204819278 0.8976844879518072 0.03990963855421687 0.01901355421686747
0 0.5664533132530121 0.6394013554216867 0.014683734939759035 0.025414156626506024
0 0.609375 0.9838102409638554 0.03576807228915663 0.03200301204819277
0 0.604480421686747 0.9134977409638555 0.019954819277108436 0.024284638554216868
0 0.5240022590361446 0.6007153614457831 0.01976656626506024 0.01506024096385542
0 0.3785768072289157 0.10777484939759034 0.013554216867469878 0.003576807228915663
0 0.5785956325301205 0.9897402108433735 0.02917921686746988 0.018637048192771084