0 0.20458984375 0.24951171875 0.052734375 0.021484375
0 0.558349609375 0.28955078125 0.03173828125 0.01953125
0 0.33447265625 0.52099609375 0.0947265625 0.0400390625
0 0.056884765625 0.21728515625 0.02392578125 0.0283203125
0 0.412109375 0.466064453125 0.044921875 0.03564453125
0 0.388671875 0.46630859375 0.0390625 0.0341796875
0 0.564208984375 0.596923828125 0.03271484375 0.02978515625
0 0.9501953125 0.589111328125 0.0986328125 0.05712890625
0 0.43798828125 0.54833984375 0.064453125 0.0087890625
0 0.496337890625 0.20361328125 0.04736328125 0.0107421875
0 0.85009765625 0.34912109375 0.046875 0.0224609375