0 0.5530024509803921 0.5314031862745099 0.17279411764705882 0.16513480392156862
0 0.21752450980392157 0.3350183823529411 0.2138480392156863 0.1014093137254902
0 0.3141850490196078 0.299172794117647 0.01991421568627451 0.02971813725490196
0 0.7679227941176471 0.39016544117647056 0.1400122549019608 0.06525735294117647
0 0.9566482843137255 0.21629901960784315 0.08670343137254902 0.0900735294117647
0 0.8068321078431373 0.42401960784313725 0.12653186274509803 0.08026960784313726
0 0.8558517156862745 0.38204656862745096 0.04013480392156863 0.025735294117647058
0 0.8743872549019608 0.17784926470588236 0.03125 0.03462009803921569
0 0.15900735294117646 0.28370098039215685 0.02757352941176471 0.013480392156862744
0 0.28094362745098034 0.23376225490196076 0.011642156862745098 0.005514705882352941
0 0.0857843137254902 0.15502450980392157 0.0196078431372549 0.00857843137254902
0 0.2233455882352941 0.6081495098039216 0.017769607843137254 0.010416666666666668