0 0.2170138888888889 0.32180059523809523 0.18303571428571427 0.2160218253968254
0 0.27033730158730157 0.42075892857142855 0.22420634920634921 0.2046130952380952
0 0.47495039682539686 0.2371031746031746 0.3804563492063492 0.2569444444444444
0 0.5713045634920635 0.2842261904761904 0.12326388888888888 0.21577380952380948
0 0.49665178571428575 0.40798611111111105 0.1589781746031746 0.13740079365079366
0 0.7408234126984127 0.29538690476190477 0.2683531746031746 0.2614087301587301
0 0.7253224206349206 0.5481150793650793 0.2993551587301587 0.2628968253968254
0 0.47991071428571425 0.7806299603174602 0.29067460317460314 0.263640873015873
0 0.49689980158730157 0.41034226190476186 0.15947420634920634 0.1416170634920635
0 0.33990575396825395 0.3937251984126984 0.11135912698412698 0.109375
0 0.5514632936507937 0.30605158730158727 0.20610119047619047 0.07043650793650794