0 0.3887019230769231 0.4552884615384615 0.37548076923076923 0.35673076923076924
0 0.24134615384615382 0.545673076923077 0.06153846153846154 0.03942307692307693
0 0.24615384615384617 0.6037259615384616 0.04711538461538462 0.07908653846153847
0 0.29134615384615387 0.5974759615384616 0.04423076923076923 0.07908653846153847
0 0.3180288461538462 0.5998798076923078 0.06298076923076923 0.06658653846153847
0 0.23810096153846155 0.665625 0.084375 0.04759615384615385
0 0.2152644230769231 0.7225961538461539 0.0545673076923077 0.07115384615384615
0 0.2764423076923077 0.7337740384615385 0.06442307692307693 0.08629807692307692
0 0.35360576923076925 0.7460336538461538 0.07836538461538461 0.08197115384615386
0 0.3213942307692308 0.6739182692307693 0.08125 0.06802884615384616
0 0.36826923076923074 0.6497596153846155 0.08461538461538462 0.06586538461538462
0 0.48353365384615393 0.5758413461538462 0.08149038461538462 0.08677884615384615
0 0.5143028846153846 0.7084134615384615 0.0608173076923077 0.09182692307692308
0 0.6016826923076923 0.4271634615384615 0.06875 0.09423076923076924
0 0.6614182692307693 0.38413461538461535 0.09783653846153847 0.08317307692307693
0 0.8759615384615385 0.48233173076923086 0.06923076923076923 0.10456730769230768
0 0.6991586538461538 0.3622596153846154 0.014663461538461538 0.016346153846153847
0 0.5064903846153846 0.5467548076923077 0.010096153846153847 0.0069711538461538465
0 0.29146634615384615 0.6979567307692308 0.010817307692307692 0.009375
0 0.6204326923076924 0.4733173076923077 0.010096153846153847 0.00625