0 0.119 0.34667099528423106 0.1145 0.09921360770456414
0 0.07137500000000001 0.38705442331414475 0.01925 0.01744962993421053
0 0.099125 0.3065368464355469 0.05075 0.031907892244037825
0 0.2705 0.48178098581414475 0.1065 0.061821546052631585
0 0.236625 0.4822795466694078 0.04775 0.04636615953947369
0 0.590625 0.5059611872944079 0.06575 0.0513517680921053
0 0.6196131 0.5027205417351974 0.02075 0.02642372532894737
0 0.6652738 0.39465747635690784 0.041999999999999996 0.03464997944078947
0 0.7597738 0.49785957339638154 0.016 0.016203227796052634
0 0.7427738 0.48975795949835527 0.008 0.0029913651315789476
0 0.34542860000000003 0.6772168410773027 0.014000000000000002 0.01395970394736842
0 0.2725893 0.44401500102796054 0.014250000000000002 0.014707545230263158
0 0.8321488 0.3876776243832237 0.01575 0.004736328125