0 0.6133891858552631 0.444125 0.046864720394736846 0.03175
0 0.5929481907894737 0.583 0.003489925986842105 0.006
0 0.6036672491776316 0.601125 0.003489925986842105 0.0072499999999999995
0 0.6142616673519737 0.685125 0.008226254111842106 0.00925
0 0.6444245990953947 0.9151250000000001 0.02168739720394737 0.0072499999999999995
0 0.6261024876644737 0.87325 0.005484169407894738 0.0155
0 0.6310880962171053 0.884375 0.0074784128289473685 0.013750000000000002
0 0.6342041015625 0.8830000000000002 0.006730571546052631 0.013500000000000002
0 0.6297170538651315 0.9012500000000001 0.008226254111842106 0.014000000000000002
0 0.6421810752467105 0.8311250000000001 0.012214740953947369 0.00375
0 0.6366969058388158 0.767625 0.00722913240131579 0.01125
0 0.6345780222039473 0.7837500000000001 0.009971217105263159 0.01
0 0.6223632812500001 0.6608750000000001 0.009971217105263159 0.006750000000000001
0 0.5670230263157895 0.14175 0.0064812911184210535 0.004
0 0.6327084189967106 0.672 0.021188836348684213 0.0175