0 0.0125 0.3419228001644737 0.0245 0.020939555921052642
0 0.16 0.3880396792763158 0.062 0.044371916118421055
0 0.196875 0.3737060546875 0.061250000000000006 0.0476125616776316
0 0.13925 0.3675986842105263 0.0345 0.02193667763157895
0 0.10950000000000001 0.3194875616776316 0.019500000000000014 0.01744962993421053
0 0.1955 0.43178839432565785 0.0165 0.01720034950657895
0 0.29500000000000004 0.4936099403782895 0.025 0.025177323190789448
0 0.41574999999999995 0.47304430509868417 0.021999999999999943 0.027919407894736868
0 0.563375 0.3750770970394737 0.07475000000000001 0.029415090460526316
0 0.546375 0.4357768811677632 0.07174999999999995 0.03614566200657895
0 0.7505 0.35650570518092106 0.05 0.05259817023026316
0 0.32812500000000006 0.3829294305098684 0.042249999999999996 0.03714278371710526
0 0.342875 0.42755062705592106 0.02425 0.019693153782894737
0 0.077375 0.3359400699013158 0.04925 0.026922286184210536