0 0.5363051470588236 0.5081188725490196 0.06709558823529412 0.08547794117647059
0 0.5098039215686274 0.5422794117647058 0.011642156862745098 0.012867647058823529
0 0.6986825980392156 0.5022977941176471 0.020526960784313725 0.06341911764705882
0 0.18995098039215685 0.870404411764706 0.013480392156862744 0.02144607843137255
0 0.2346813725490196 0.35202205882352944 0.007352941176470588 0.012867647058823529
0 0.24754901960784315 0.42003676470588236 0.00857843137254902 0.010416666666666668
0 0.23805147058823528 0.15287990196078433 0.011642156862745098 0.0030637254901960784
0 0.2549019607843137 0.1681985294117647 0.004901960784313725 0.009191176470588234
0 0.24417892156862747 0.1878063725490196 0.007965686274509803 0.00428921568627451
0 0.26378676470588236 0.22212009803921567 0.005514705882352941 0.010416666666666668
0 0.21783088235294118 0.3042279411764706 0.010416666666666668 0.007965686274509803
0 0.3241421568627451 0.21660539215686275 0.014705882352941176 0.006740196078431372
0 0.3146446078431372 0.14491421568627452 0.011642156862745098 0.006740196078431372
0 0.36611519607843135 0.1256127450980392 0.009191176470588234 0.006127450980392157
0 0.4105392156862745 0.09834558823529412 0.013480392156862744 0.0030637254901960784
0 0.37408088235294124 0.07935049019607843 0.007965686274509803 0.0030637254901960784
0 0.3988970588235294 0.04871323529411765 0.00980392156862745 0.005514705882352941
0 0.4099264705882352 0.08946078431372549 0.011029411764705881 0.006127450980392157
0 0.39920343137254904 0.06403186274509803 0.010416666666666668 0.006740196078431372
0 0.40992647058823534 0.049632352941176475 0.00857843137254902 0.004901960784313725
0 0.4938725490196079 0.14981617647058823 0.007352941176470588 0.010416666666666668
0 0.4800857843137254 0.1253063725490196 0.010416666666666668 0.006740196078431372
0 0.48161764705882354 0.10477941176470587 0.00980392156862745 0.006127450980392157
0 0.5343137254901961 0.1360294117647059 0.00857843137254902 0.00857843137254902
0 0.5802696078431373 0.19638480392156862 0.00857843137254902 0.009191176470588234
0 0.6188725490196079 0.5588235294117647 0.013480392156862744 0.018382352941176468
0 0.7107843137254901 0.5110294117647058 0.00980392156862745 0.013480392156862744
0 0.5582107843137255 0.5640318627450981 0.014705882352941176 0.011642156862745098
0 0.6439950980392156 0.5245098039215687 0.00980392156862745 0.012254901960784314
0 0.6433823529411764 0.5759803921568627 0.00857843137254902 0.007352941176470588
0 0.5542279411764707 0.1256127450980392 0.0030637254901960784 0.00857843137254902
0 0.5523897058823529 0.1372549019607843 0.009191176470588234 0.006127450980392157
0 0.49234068627450983 0.13051470588235295 0.006740196078431372 0.007352941176470588
0 0.15104166666666666 0.2579656862745098 0.011642156862745098 0.004901960784313725
0 0.2405024509803922 0.4298406862745098 0.010416666666666668 0.015318627450980393
0 0.20618872549019604 0.20404411764705882 0.005514705882352941 0.006127450980392157
0 0.2729779411764706 0.2619485294117647 0.007965686274509803 0.00428921568627451