0 0.5102634803921569 0.6484375 0.06158088235294118 0.018688725490196078
0 0.5749080882352942 0.7233455882352942 0.021752450980392156 0.00857843137254902
0 0.5091911764705883 0.9797794117647058 0.012254901960784314 0.030637254901960786
0 0.6384803921568627 0.8648897058823529 0.020833333333333336 0.02022058823529412
0 0.43995098039215685 0.5879289215686274 0.00857843137254902 0.02389705882352941
0 0.46783088235294124 0.2693014705882353 0.02022058823529412 0.011642156862745098
0 0.7068014705882353 0.33394607843137253 0.025122549019607844 0.0196078431372549
0 0.7879901960784313 0.8299632352941175 0.014705882352941176 0.02144607843137255
0 0.772671568627451 0.7965686274509804 0.013480392156862744 0.031862745098039214
0 0.7990196078431373 0.8167892156862745 0.022058823529411763 0.013480392156862744
0 0.7843137254901962 0.5637254901960784 0.03431372549019608 0.00857843137254902
0 0.7049632352941176 0.4635416666666667 0.017769607843137254 0.02267156862745098
0 0.6767769607843137 0.2542892156862745 0.015318627450980393 0.00857843137254902
0 0.7530637254901961 0.08547794117647059 0.0196078431372549 0.00428921568627451
0 0.789828431372549 0.15042892156862744 0.015931372549019607 0.007965686274509803
0 0.6957720588235294 0.08884803921568626 0.006740196078431372 0.00857843137254902
0 0.852328431372549 0.2512254901960784 0.015931372549019607 0.006127450980392157
0 0.29442401960784315 0.8152573529411764 0.015318627450980393 0.02267156862745098