0 0.13256229575163397 0.6303643724696356 0.06150939542483661 0.10202429149797572
0 0.5983340992647059 0.5793522267206478 0.051797385620915036 0.09959514170040486
0 0.6553921568627452 0.582995951417004 0.08417075163398693 0.03967611336032389
0 0.5677817350898693 0.6255060728744939 0.010926011029411766 0.010526315789473684
0 0.506677006740196 0.6277327935222672 0.011735345179738562 0.01174089068825911
0 0.5414783752042485 0.6698380566801619 0.014163347630718956 0.013360323886639677
0 0.5825520833333334 0.6234817813765182 0.020233353758169936 0.012145748987854251
0 0.5006070006127452 0.6222672064777328 0.010926011029411766 0.010526315789473684
0 0.10484260110294119 0.7281376518218623 0.017400684232026144 0.01659919028340081
0 0.885040722017974 0.538663967611336 0.22054355596405234 0.11295546558704454
0 0.6199837877859478 0.5336032388663968 0.036015369689542484 0.01862348178137652
0 0.06073388991013072 0.7605263157894737 0.028731362336601306 0.019028340080971658
0 0.02107651654411765 0.7218623481781377 0.030350030637254905 0.005668016194331984
0 0.24283407373366014 0.7188259109311741 0.010926011029411766 0.018218623481781375
0 0.570007404003268 0.6651821862348178 0.011330678104575165 0.012145748987854251
0 0.3650435304330066 0.7265182186234818 0.010926011029411766 0.01174089068825911
0 0.8941457312091504 0.702834008097166 0.0064746732026143795 0.021052631578947368