0 0.35723039215686275 0.5882352941176471 0.06311274509803921 0.034926470588235295
0 0.948376225490196 0.6455269607843138 0.04503676470588235 0.015931372549019607
0 0.5151654411764706 0.6645220588235294 0.048100490196078434 0.02022058823529412
0 0.46170343137254893 0.5799632352941176 0.02389705882352941 0.022058823529411763
0 0.8501838235294118 0.5143995098039216 0.0196078431372549 0.017769607843137254
0 0.6796875 0.5081188725490196 0.008272058823529412 0.008884803921568627
0 0.30284926470588236 0.17417279411764705 0.01685049019607843 0.009497549019607842
0 0.5442708333333333 0.19178921568627452 0.015012254901960783 0.006740196078431372
0 0.46875 0.7305453431372548 0.006127450980392157 0.008272058823529412
0 0.5021446078431373 0.6983762254901962 0.00857843137254902 0.005208333333333334
0 0.013480392156862744 0.7256433823529411 0.024509803921568627 0.01685049019607843
0 0.2126225490196078 0.7297794117647058 0.09313725490196079 0.049019607843137254
0 0.15778186274509803 0.7366727941176471 0.06433823529411765 0.040747549019607844
0 0.5638786764705882 0.15946691176470587 0.03216911764705883 0.026041666666666668
0 0.39537377450980393 0.5147058823529411 0.007659313725490197 0.00428921568627451
0 0.06709558823529412 0.6934742647058824 0.05453431372549019 0.034007352941176475
0 0.024050245098039217 0.7423406862745099 0.048100490196078434 0.04350490196078431
0 0.4990808823529411 0.6917892156862745 0.02757352941176471 0.06311274509803921
0 0.25275735294117646 0.7124693627450981 0.09681372549019608 0.06832107843137256
0 0.6066176470588236 0.7181372549019608 0.003676470588235294 0.013480392156862744