0 0.2599571078431372 0.2568933823529412 0.018688725490196078 0.017463235294117647
0 0.6732536764705882 0.44347426470588236 0.020526960784313725 0.019301470588235295
0 0.5268075980392156 0.9594056372549019 0.07689950980392157 0.08057598039215687
0 0.4886642156862745 0.9863664215686274 0.04718137254901961 0.02665441176470588
0 0.6158088235294118 0.8324142156862745 0.00980392156862745 0.00428921568627451
0 0.6017156862745098 0.8412990196078433 0.011029411764705881 0.006127450980392157
0 0.5998774509803921 0.8486519607843137 0.011029411764705881 0.007352941176470588
0 0.5971200980392157 0.8517156862745099 0.007965686274509803 0.004901960784313725
0 0.5753676470588235 0.8471200980392158 0.011029411764705881 0.009191176470588234
0 0.5931372549019608 0.7821691176470588 0.00857843137254902 0.010416666666666668
0 0.5934436274509804 0.7417279411764706 0.012867647058823529 0.007965686274509803
0 0.6737132352941176 0.7181372549019607 0.007965686274509803 0.011029411764705881
0 0.685968137254902 0.5186887254901961 0.0030637254901960784 0.010416666666666668
0 0.2889093137254902 0.9776348039215685 0.012867647058823529 0.005514705882352941
0 0.5995710784313726 0.7484681372549019 0.006740196078431372 0.005514705882352941