0 0.6369485294117647 0.6948529411764706 0.08149509803921569 0.09497549019607843
0 0.7526041666666667 0.07735906862745098 0.050551470588235295 0.04993872549019608
0 0.47472426470588236 0.5827205882352942 0.11795343137254902 0.0741421568627451
0 0.6066176470588236 0.7668504901960784 0.08394607843137256 0.11090686274509805
0 0.7426470588235293 0.04381127450980392 0.032475490196078434 0.08762254901960784
0 0.6200980392156862 0.7400428921568627 0.07720588235294118 0.0701593137254902
0 0.7558210784313726 0.04059436274509804 0.052083333333333336 0.04013480392156863
0 0.4823835784313726 0.44898897058823534 0.23069852941176472 0.2061887254901961
0 0.7962622549019607 0.29580269607843135 0.1568627450980392 0.2190563725490196
0 0.6387867647058824 0.21001838235294118 0.13848039215686275 0.0818014705882353
0 0.5939031862745098 0.42570465686274506 0.034007352941176475 0.04136029411764706
0 0.7575061274509803 0.6887254901960784 0.06219362745098039 0.0428921568627451
0 0.6685049019607843 0.26838235294117646 0.024509803921568627 0.007352941176470588