0 0.5053615196078431 0.5246629901960784 0.054840686274509796 0.09160539215686274
0 0.4375 0.5690870098039216 0.0428921568627451 0.043198529411764705
0 0.4301470588235293 0.5401348039215687 0.00857843137254902 0.016544117647058824
0 0.4368872549019608 0.5211397058823529 0.012254901960784314 0.017769607843137254
0 0.4522058823529411 0.5183823529411764 0.018382352941176468 0.011029411764705881
0 0.45220588235294124 0.4920343137254902 0.004901960784313725 0.01715686274509804
0 0.4693627450980392 0.508578431372549 0.00980392156862745 0.00980392156862745
0 0.4672181372549019 0.47150735294117646 0.011642156862745098 0.017769607843137254
0 0.474264705882353 0.49662990196078427 0.007352941176470588 0.010416666666666668
0 0.4733455882352942 0.4954044117647059 0.011642156862745098 0.007965686274509803
0 0.4715073529411765 0.4892769607843137 0.016544117647058824 0.007965686274509803
0 0.4592524509803921 0.4908088235294118 0.00428921568627451 0.023284313725490197
0 0.43137254901960775 0.5536151960784313 0.011029411764705881 0.007965686274509803
0 0.43658088235294124 0.5566789215686274 0.011642156862745098 0.009191176470588234
0 0.4540441176470589 0.5542279411764706 0.00857843137254902 0.00428921568627451
0 0.2555147058823529 0.6056985294117647 0.004901960784313725 0.007965686274509803
0 0.5542279411764706 0.06678921568627452 0.00428921568627451 0.011029411764705881