0 0.03601371951219512 0.6533917682926829 0.07126524390243902 0.03544207317073171
0 0.3793826219512195 0.5524009146341463 0.08574695121951219 0.05449695121951219
0 0.6655868902439024 0.4409298780487805 0.09946646341463414 0.09451219512195122
0 0.696265243902439 0.2006478658536585 0.05640243902439024 0.030106707317073173
0 0.8410823170731707 0.2648628048780488 0.02972560975609756 0.035823170731707314
0 0.903201219512195 0.2917301829268293 0.033536585365853654 0.03620426829268293
0 0.6772103658536586 0.23075457317073172 0.033536585365853654 0.019435975609756097
0 0.7397103658536585 0.24256859756097562 0.022103658536585365 0.053734756097560975
0 0.3187881097560975 0.2581935975609756 0.011051829268292682 0.008765243902439024
0 0.29058689024390244 0.27991615853658536 0.01638719512195122 0.007240853658536585
0 0.40110518292682923 0.23266006097560976 0.004954268292682927 0.005716463414634146
0 0.31173780487804875 0.5329649390243902 0.009908536585365854 0.012576219512195123