0 0.28232230392156865 0.5949754901960784 0.0940563725490196 0.15747549019607843
0 0.2693014705882353 0.46476715686274506 0.09436274509803921 0.16053921568627452
0 0.2470894607843137 0.4427083333333333 0.08302696078431372 0.20465686274509803
0 0.3573835784313726 0.3776041666666667 0.07689950980392157 0.11366421568627452
0 0.5202205882352942 0.38786764705882354 0.06372549019607843 0.11090686274509805
0 0.6090686274509804 0.3720894607843137 0.0661764705882353 0.10569852941176469
0 0.649203431372549 0.3460477941176471 0.05330882352941176 0.09957107843137256
0 0.7205882352941176 0.39920343137254904 0.07536764705882353 0.10845588235294117
0 0.7617953431372548 0.40670955882352944 0.03952205882352941 0.06158088235294118
0 0.7083333333333334 0.36151960784313725 0.06985294117647059 0.09803921568627451
0 0.1484375 0.4924938725490196 0.04442401960784313 0.08241421568627451
0 0.17386642156862747 0.6207107843137255 0.07751225490196079 0.2653186274509804
0 0.7886029411764706 0.28125 0.25980392156862747 0.22794117647058823
0 0.27450980392156865 0.5370710784313725 0.03370098039215686 0.024509803921568627
0 0.26960784313725494 0.3978247549019608 0.028799019607843136 0.01991421568627451
0 0.24111519607843138 0.35539215686274506 0.028799019607843136 0.012254901960784314
0 0.5208333333333333 0.3443627450980392 0.02144607843137255 0.009191176470588234
0 0.6191789215686275 0.33011642156862747 0.02022058823529412 0.010723039215686275
0 0.734375 0.3560049019607843 0.02144607843137255 0.015318627450980393
0 0.7535232843137255 0.4189644607843138 0.013786764705882354 0.015012254901960783