0 0.4453125000000001 0.5147058823529412 0.013786764705882354 0.029411764705882353
0 0.47702205882352944 0.5474877450980392 0.02022058823529412 0.026960784313725488
0 0.48529411764705876 0.5424325980392156 0.022058823529411763 0.02971813725490196
0 0.6424632352941175 0.008425245098039215 0.018995098039215685 0.01685049019607843
0 0.5490196078431372 0.2835477941176471 0.028799019607843136 0.011948529411764705
0 0.5623468137254902 0.31525735294117646 0.01011029411764706 0.026960784313725488
0 0.5166973039215687 0.28753063725490197 0.011948529411764705 0.023590686274509803
0 0.40579044117647056 0.7680759803921569 0.02849264705882353 0.03370098039215686
0 0.6453737745098039 0.023743872549019607 0.015625 0.013786764705882354
0 0.6081495098039216 0.05591299019607843 0.0196078431372549 0.021139705882352942
0 0.6613051470588236 0.021139705882352942 0.02420343137254902 0.018995098039215685
0 0.6207107843137255 0.04641544117647059 0.007352941176470588 0.01133578431372549
0 0.6309742647058824 0.049019607843137254 0.012561274509803922 0.010416666666666668
0 0.6433823529411764 0.05254289215686274 0.018995098039215685 0.012561274509803922
0 0.5955882352941176 0.12745098039215685 0.00857843137254902 0.010416666666666668
0 0.6219362745098039 0.12576593137254902 0.013480392156862744 0.01133578431372549
0 0.5939031862745099 0.15088848039215685 0.010723039215686275 0.01133578431372549
0 0.5742953431372548 0.16222426470588236 0.008272058823529412 0.006433823529411764
0 0.5948223039215687 0.17095588235294118 0.006433823529411764 0.006127450980392157
0 0.5808823529411764 0.2034313725490196 0.014093137254901961 0.012254901960784314
0 0.5621936274509803 0.1836703431372549 0.006127450980392157 0.0070465686274509805
0 0.5419730392156863 0.31403186274509803 0.026960784313725488 0.013480392156862744
0 0.5517769607843137 0.32889093137254904 0.023284313725490197 0.008884803921568627
0 0.5588235294117647 0.36106004901960786 0.017769607843137254 0.008272058823529412
0 0.5946691176470588 0.34757965686274506 0.00428921568627451 0.0070465686274509805
0 0.7333026960784313 0.2614889705882353 0.021139705882352942 0.014399509803921568
0 0.6574754901960784 0.5664828431372548 0.015318627450980393 0.015318627450980393
0 0.5580575980392157 0.48223039215686275 0.010723039215686275 0.016544117647058824
0 0.5948223039215687 0.2515318627450981 0.008272058823529412 0.010416666666666668
0 0.41773897058823534 0.6803002450980393 0.027879901960784315 0.022365196078431373
0 0.42861519607843135 0.5886948529411764 0.006127450980392157 0.006433823529411764
0 0.478094362745098 0.4227941176470589 0.020526960784313725 0.02144607843137255
0 0.4629289215686274 0.5821078431372549 0.032475490196078434 0.02757352941176471
0 0.48483455882352944 0.5796568627450981 0.010723039215686275 0.011642156862745098
0 0.5669424019607844 0.48253676470588236 0.01011029411764706 0.009191176470588234
0 0.5582107843137255 0.4499080882352941 0.003676470588235294 0.006433823529411764
0 0.4489889705882352 0.49142156862745096 0.008884803921568627 0.017769607843137254
0 0.3561580882352941 0.7809436274509804 0.011948529411764705 0.012867647058823529
0 0.3538602941176471 0.8440563725490196 0.02022058823529412 0.028186274509803922
0 0.4332107843137255 0.6202512254901961 0.009191176470588234 0.013174019607843137
0 0.45235906862745096 0.5295649509803921 0.012561274509803922 0.005821078431372549
0 0.5081188725490196 0.45128676470588236 0.021752450980392156 0.022058823529411763
0 0.36381740196078427 0.9004289215686274 0.021139705882352942 0.014093137254901961
0 0.294577205882353 0.9526654411764707 0.01011029411764706 0.01133578431372549
0 0.34987745098039214 0.8229166666666666 0.011029411764705881 0.011029411764705881
0 0.4339767156862745 0.6821384803921569 0.005821078431372549 0.023590686274509803
0 0.3975183823529412 0.6901041666666666 0.008272058823529412 0.012561274509803922
0 0.3708639705882353 0.8612132352941178 0.0070465686274509805 0.015931372549019607
0 0.37653186274509803 0.7781862745098038 0.023284313725490197 0.023284313725490197
0 0.37254901960784315 0.8412990196078433 0.007965686274509803 0.007352941176470588
0 0.36519607843137253 0.8296568627450979 0.004901960784313725 0.007965686274509803
0 0.47058823529411764 0.43627450980392163 0.009191176470588234 0.006740196078431372
0 0.41191789215686275 0.7169117647058824 0.02420343137254902 0.018995098039215685
0 0.40747549019607837 0.7303921568627451 0.014705882352941176 0.012867647058823529
0 0.3910845588235294 0.7619485294117647 0.005208333333333334 0.009191176470588234
0 0.39843749999999994 0.735140931372549 0.007659313725490197 0.008884803921568627
0 0.4160539215686275 0.7461703431372548 0.022058823529411763 0.01685049019607843
0 0.36458333333333337 0.8186274509803921 0.006740196078431372 0.00857843137254902
0 0.3964460784313726 0.8439031862745099 0.007965686274509803 0.013174019607843137
0 0.3682598039215686 0.9139093137254901 0.012254901960784314 0.012254901960784314
0 0.3821997549019608 0.9162071078431373 0.011948529411764705 0.01685049019607843
0 0.33547794117647056 0.9785539215686276 0.011642156862745098 0.009191176470588234
0 0.32996323529411764 0.9905024509803921 0.010416666666666668 0.011029411764705881
0 0.6113664215686275 0.10431985294117647 0.013786764705882354 0.011948529411764705
0 0.5971200980392157 0.18167892156862744 0.026348039215686275 0.01715686274509804
0 0.6677389705882353 0.0070465686274509805 0.0352328431372549 0.014093137254901961
0 0.5145526960784315 0.3527879901960784 0.018688725490196078 0.01991421568627451
0 0.5323223039215687 0.4860600490196078 0.01807598039215686 0.018688725490196078
0 0.48177083333333337 0.5076593137254901 0.022365196078431373 0.022058823529411763
0 0.5009191176470588 0.5196078431372549 0.02757352941176471 0.025122549019607844
0 0.48391544117647056 0.48406862745098034 0.024816176470588237 0.02389705882352941
0 0.42233455882352944 0.6551776960784313 0.03155637254901961 0.027879901960784315
0 0.521139705882353 0.47120098039215685 0.020833333333333336 0.020833333333333336
0 0.7153799019607844 0.32337622549019607 0.02144607843137255 0.009497549019607842
0 0.7287071078431373 0.2063419117647059 0.009497549019607842 0.015012254901960783
0 0.7852328431372548 0.06020220588235294 0.014705882352941176 0.01011029411764706
0 0.8036151960784315 0.490655637254902 0.014705882352941176 0.022365196078431373
0 0.4499080882352941 0.6516544117647058 0.006433823529411764 0.006127450980392157
0 0.4283088235294118 0.7484681372549019 0.007352941176470588 0.013480392156862744
0 0.4854473039215687 0.3821997549019608 0.004595588235294117 0.02420343137254902
0 0.47794117647058815 0.40242034313725494 0.006127450980392157 0.022977941176470586
0 0.3978247549019608 0.8636642156862745 0.008272058823529412 0.03860294117647059
0 0.5563725490196079 0.2109375 0.009191176470588234 0.017463235294117647
0 0.3941482843137255 0.8609068627450981 0.006433823529411764 0.006740196078431372
0 0.39368872549019607 0.7702205882352942 0.004901960784313725 0.004901960784313725
0 0.38648897058823534 0.7918198529411764 0.005821078431372549 0.006433823529411764
0 0.3900122549019608 0.8037683823529411 0.004901960784313725 0.006433823529411764
0 0.3454350490196078 0.9937193627450979 0.005208333333333334 0.006433823529411764
0 0.3762254901960784 0.874234068627451 0.005514705882352941 0.005821078431372549
0 0.38005514705882354 0.8138786764705882 0.003982843137254902 0.005821078431372549