0 0.1956188725490196 0.19868259803921567 0.05177696078431373 0.03155637254901961
0 0.4817708333333333 0.28722426470588236 0.024816176470588237 0.021139705882352942
0 0.1608455882352941 0.38480392156862747 0.00428921568627451 0.004901960784313725
0 0.2316176470588235 0.35753676470588236 0.007352941176470588 0.00428921568627451
0 0.2141544117647059 0.34987745098039214 0.007965686274509803 0.0024509803921568627
0 0.24019607843137253 0.3483455882352941 0.004901960784313725 0.00428921568627451
0 0.21109068627450983 0.3275122549019608 0.007965686274509803 0.0030637254901960784
0 0.21292892156862747 0.3085171568627451 0.009191176470588234 0.001838235294117647
0 0.2643995098039216 0.3131127450980392 0.007965686274509803 0.0024509803921568627
0 0.19332107843137253 0.28125 0.006740196078431372 0.0024509803921568627
0 0.3308823529411765 0.3290441176470588 0.003676470588235294 0.004901960784313725
0 0.3403799019607843 0.3373161764705882 0.011642156862745098 0.0030637254901960784
0 0.41329656862745096 0.3247549019607843 0.007965686274509803 0.0024509803921568627
0 0.47273284313725494 0.29319852941176466 0.0030637254901960784 0.00428921568627451
0 0.3841911764705882 0.274203431372549 0.004901960784313725 0.0030637254901960784
0 0.5294117647058824 0.3345588235294118 0.007352941176470588 0.0024509803921568627
0 0.5352328431372549 0.31464460784313725 0.006740196078431372 0.00428921568627451
0 0.38541666666666663 0.37193627450980393 0.004901960784313725 0.003676470588235294
0 0.3900122549019608 0.3707107843137255 0.005514705882352941 0.004901960784313725
0 0.5036764705882353 0.3933823529411765 0.006127450980392157 0.0012254901960784314
0 0.5680147058823529 0.4696691176470589 0.006127450980392157 0.00428921568627451
0 0.8486519607843137 0.4957107843137254 0.00980392156862745 0.006127450980392157
0 0.8731617647058825 0.6856617647058824 0.00857843137254902 0.00980392156862745
0 0.8973651960784312 0.7025122549019608 0.012867647058823529 0.007965686274509803
0 0.796875 0.6822916666666667 0.009191176470588234 0.006740196078431372
0 0.35600490196078427 0.4503676470588235 0.00980392156862745 0.004901960784313725
0 0.16697303921568626 0.42585784313725494 0.010416666666666668 0.007352941176470588
0 0.5701593137254901 0.7610294117647058 0.010416666666666668 0.012254901960784314
0 0.2591911764705882 0.20220588235294118 0.007352941176470588 0.0024509803921568627
0 0.04779411764705883 0.20435049019607843 0.006127450980392157 0.001838235294117647