0 0.8114276960784312 0.7178308823529411 0.09160539215686274 0.06924019607843138
0 0.9463848039215688 0.7008272058823529 0.10723039215686274 0.07935049019607843
0 0.4143688725490196 0.2184436274509804 0.07138480392156862 0.04534313725490196
0 0.5234375 0.20756740196078433 0.0585171568627451 0.06035539215686274
0 0.7538296568627452 0.16666666666666669 0.08486519607843138 0.028186274509803922
0 0.13158700980392157 0.32643995098039214 0.02665441176470588 0.08547794117647059
0 0.6700367647058824 0.19117647058823528 0.07107843137254902 0.015931372549019607
0 0.6202512254901962 0.1999080882352941 0.04136029411764706 0.05177696078431373
0 0.894607843137255 0.6064644607843137 0.11274509803921569 0.1063112745098039
0 0.37224264705882354 0.5847120098039216 0.19178921568627452 0.2454044117647059
0 0.25965073529411764 0.641390931372549 0.23866421568627452 0.14491421568627452
0 0.13771446078431374 0.5481004901960784 0.1400122549019608 0.04656862745098039
0 0.34160539215686275 0.5045955882352942 0.011642156862745098 0.037377450980392156