0 0.5549938725490196 0.33394607843137253 0.07567401960784313 0.05453431372549019
0 0.4298406862745098 0.9125306372549019 0.05453431372549019 0.05912990196078431
0 0.42846200980392163 0.9408700980392156 0.03278186274509804 0.024509803921568627
0 0.5686274509803921 0.7000612745098039 0.0196078431372549 0.02022058823529412
0 0.5404411764705882 0.8391544117647058 0.0196078431372549 0.014093137254901961
0 0.5965073529411764 0.7889093137254902 0.010416666666666668 0.02022058823529412
0 0.7732843137254901 0.6795343137254901 0.01715686274509804 0.014705882352941176
0 0.8318014705882353 0.6596200980392156 0.02022058823529412 0.017769607843137254
0 0.20557598039215685 0.5082720588235294 0.016544117647058824 0.016544117647058824
0 0.13572303921568626 0.48835784313725494 0.016544117647058824 0.00980392156862745
0 0.3115808823529411 0.35753676470588236 0.005514705882352941 0.017769607843137254