0 0.3492647058823529 0.09129901960784313 0.3431372549019608 0.18137254901960784
0 0.3062193627450981 0.15533088235294118 0.2264093137254902 0.18321078431372548
0 0.43872549019607837 0.3877144607843137 0.5189950980392156 0.44577205882352944
0 0.21369485294117646 0.2568933823529412 0.17738970588235295 0.19087009803921567
0 0.2156862745098039 0.6871936274509803 0.18137254901960784 0.4123774509803922
0 0.6971507352941176 0.32598039215686275 0.0389093137254902 0.02757352941176471
0 0.6602328431372549 0.5646446078431373 0.06985294117647059 0.06678921568627451
0 0.7061887254901961 0.513174019607843 0.16176470588235295 0.10968137254901959
0 0.2818627450980392 0.6026348039215685 0.31066176470588236 0.31985294117647056
0 0.827359068627451 0.5942095588235294 0.06954656862745098 0.08241421568627451
0 0.7765012254901961 0.47901348039215685 0.06464460784313726 0.05667892156862745
0 0.8299632352941178 0.3786764705882353 0.05453431372549019 0.03615196078431372
0 0.46338848039215685 0.6026348039215687 0.07383578431372549 0.05024509803921569
0 0.4606311274509804 0.6541053921568627 0.10018382352941176 0.05698529411764706
0 0.4030330882352941 0.6266850490196079 0.03462009803921569 0.03645833333333333
0 0.6922487745098039 0.27374387254901966 0.01011029411764706 0.005821078431372549
0 0.7907475490196079 0.5058210784313725 0.010416666666666668 0.028799019607843136
0 0.4261642156862745 0.6228553921568627 0.007352941176470588 0.017769607843137254
0 0.5258884803921569 0.6219362745098038 0.04442401960784313 0.13541666666666669
0 0.5310968137254901 0.6819852941176471 0.01991421568627451 0.015931372549019607