0 0.6318933823529412 0.30713848039215685 0.055453431372549024 0.05606617647058824
0 0.6084558823529411 0.33011642156862747 0.009191176470588234 0.01011029411764706
0 0.7017463235294117 0.2107843137254902 0.04442401960784313 0.03615196078431372
0 0.5660232843137255 0.2647058823529412 0.05422794117647058 0.028799019607843136
0 0.4750306372549019 0.6582414215686275 0.0897671568627451 0.0897671568627451
0 0.33011642156862747 0.7855392156862745 0.04871323529411765 0.05453431372549019
0 0.4186580882352942 0.47441789215686275 0.035845588235294115 0.04197303921568628
0 0.6574754901960784 0.14751838235294118 0.010416666666666668 0.008884803921568627
0 0.8059129901960784 0.01669730392156863 0.020526960784313725 0.022365196078431373
0 0.811734068627451 0.006893382352941177 0.02420343137254902 0.013786764705882354
0 0.4684436274509804 0.24571078431372548 0.02144607843137255 0.025735294117647058
0 0.5042892156862745 0.7270220588235293 0.044730392156862746 0.06740196078431372