0 0.4031862745098039 0.8121936274509803 0.13112745098039216 0.10232843137254902
0 0.4643075980392156 0.5825674019607843 0.11060049019607843 0.07077205882352941
0 0.3224571078431372 0.3831188725490196 0.11243872549019607 0.033394607843137254
0 0.2807904411764706 0.34267769607843135 0.04626225490196078 0.03278186274509804
0 0.3161764705882353 0.4892769607843137 0.042279411764705885 0.07107843137254902
0 0.48100490196078427 0.23820465686274508 0.06004901960784313 0.024816176470588237
0 0.2685355392156863 0.29059436274509803 0.03768382352941176 0.045649509803921566
0 0.1683517156862745 0.3460477941176471 0.050551470588235295 0.0352328431372549
0 0.16881127450980393 0.11795343137254902 0.025735294117647058 0.04595588235294117
0 0.13618259803921567 0.08256740196078431 0.021139705882352942 0.020526960784313725
0 0.4722732843137255 0.6375612745098039 0.024816176470588237 0.026348039215686275
0 0.3258272058823529 0.7878370098039216 0.04258578431372549 0.03645833333333333
0 0.2691482843137255 0.3777573529411765 0.006433823529411764 0.006127450980392157
0 0.4537377450980392 0.23958333333333331 0.005514705882352941 0.012254901960784314
0 0.23866421568627447 0.3589154411764706 0.06985294117647059 0.05116421568627451
0 0.19347426470588233 0.27604166666666663 0.1369485294117647 0.10723039215686274
0 0.1328125 0.015625 0.015625 0.03125
0 0.17723651960784315 0.06755514705882353 0.021752450980392156 0.01991421568627451
0 0.29856004901960786 0.6761642156862745 0.012561274509803922 0.015931372549019607
0 0.36458333333333337 0.8900122549019608 0.013480392156862744 0.02144607843137255