0 0.5240502450980392 0.6986825980392156 0.15471813725490197 0.12469362745098038
0 0.45787377450980393 0.7454044117647058 0.022365196078431373 0.030637254901960786
0 0.5053615196078431 0.7651654411764706 0.01807598039215686 0.02420343137254902
0 0.5211397058823529 0.7706801470588236 0.00857843137254902 0.01807598039215686
0 0.5785845588235294 0.32567401960784315 0.055453431372549024 0.061887254901960786
0 0.5197610294117647 0.1767769607843137 0.08363970588235295 0.06985294117647059
0 0.5451899509803921 0.15395220588235295 0.01807598039215686 0.008884803921568627
0 0.5185355392156862 0.04427083333333333 0.008884803921568627 0.016237745098039217
0 0.5571384803921569 0.019148284313725488 0.01685049019607843 0.01011029411764706
0 0.5667892156862744 0.20281862745098037 0.0196078431372549 0.012254901960784314
0 0.5347732843137255 0.1724877450980392 0.02420343137254902 0.014093137254901961
0 0.5675551470588236 0.08042279411764705 0.027267156862745095 0.013786764705882354
0 0.5707720588235294 0.1014093137254902 0.020833333333333336 0.013480392156862744