0 0.5764399509803921 0.22702205882352938 0.03155637254901961 0.051470588235294115
0 0.44638480392156865 0.21721813725490197 0.012254901960784314 0.010416666666666668
0 0.6050857843137255 0.1559436274509804 0.00980392156862745 0.011642156862745098
0 0.36825980392156865 0.32965686274509803 0.007965686274509803 0.016544117647058824
0 0.40732230392156865 0.3216911764705882 0.007659313725490197 0.010416666666666668
0 0.48483455882352944 0.3471200980392157 0.01011029411764706 0.014093137254901961
0 0.5108762254901961 0.37760416666666663 0.012561274509803922 0.03768382352941176
0 0.49111519607843135 0.36917892156862747 0.006740196078431372 0.006127450980392157
0 0.48851102941176466 0.25382965686274506 0.014399509803921568 0.0070465686274509805
0 0.5491727941176471 0.32628676470588236 0.010723039215686275 0.007352941176470588
0 0.5502450980392157 0.3443627450980392 0.007352941176470588 0.007352941176470588
0 0.44607843137254904 0.48253676470588236 0.015318627450980393 0.013480392156862744
0 0.44454656862745096 0.4303002450980392 0.00857843137254902 0.013174019607843137
0 0.47564338235294124 0.49172794117647056 0.019301470588235295 0.018382352941176468
0 0.4636948529411765 0.7388174019607843 0.06770833333333334 0.10018382352941176
0 0.5988051470588236 0.7066482843137255 0.07689950980392157 0.08854166666666666
0 0.4405637254901961 0.7806372549019607 0.02144607843137255 0.0196078431372549
0 0.45756740196078427 0.783547794117647 0.021752450980392156 0.01685049019607843
0 0.5140931372549019 0.6265318627450981 0.011029411764705881 0.00857843137254902
0 0.5615808823529411 0.6263786764705882 0.011029411764705881 0.013786764705882354
0 0.3720894607843137 0.5899203431372549 0.007659313725490197 0.011948529411764705
0 0.5379901960784313 0.9341299019607842 0.01715686274509804 0.026348039215686275
0 0.561734068627451 0.4342830882352941 0.003982843137254902 0.01133578431372549
0 0.4203431372549019 0.07567401960784313 0.007352941176470588 0.013480392156862744
0 0.5036764705882353 0.36243872549019607 0.007965686274509803 0.012254901960784314
0 0.20542279411764705 0.32138480392156865 0.020526960784313725 0.017769607843137254
0 0.5940563725490196 0.5678615196078431 0.007965686274509803 0.018688725490196078
0 0.22334558823529407 0.20098039215686275 0.012254901960784314 0.01715686274509804