0 0.22763480392156862 0.4221813725490196 0.24080882352941177 0.2628676470588235
0 0.18060661764705882 0.38648897058823534 0.03339460784313722 0.030330882352941173
0 0.13174019607843138 0.3481924019607843 0.03308823529411766 0.029105392156862708
0 0.13618259803921567 0.3272058823529411 0.029105392156862725 0.04105392156862745
0 0.1606924019607843 0.37316176470588236 0.040134803921568644 0.04350490196078431
0 0.6703431372549018 0.4707414215686274 0.05453431372549006 0.092218137254902
0 0.7081801470588235 0.3319546568627451 0.07996323529411778 0.0713848039215686
0 0.654564950980392 0.36351102941176466 0.06280637254901954 0.030330882352941173
0 0.8193933823529411 0.20925245098039214 0.023590686274509803 0.010416666666666683
0 0.7512254901960784 0.36519607843137253 0.02573529411764692 0.018382352941176437
0 0.7152267156862744 0.2522977941176471 0.009497549019607842 0.007659313725490213
0 0.7423406862745098 0.24417892156862747 0.011029411764705881 0.00674019607843139
0 0.4767156862745098 0.2227328431372549 0.009191176470588305 0.006740196078431372
0 0.37469362745098034 0.34849877450980393 0.012254901960784314 0.007659313725490197
0 0.44286151960784315 0.35079656862745096 0.011948529411764636 0.00857843137254902
0 0.5764399509803921 0.3573835784313725 0.010723039215686275 0.008884803921568627
0 0.8688725490196078 0.140625 0.013480392156862744 0.0061274509803921585