0 0.07184436274509803 0.13924632352941174 0.14368872549019607 0.028492647058823522
0 0.6775428921568627 0.46599264705882354 0.04381127450980378 0.01531862745098032
0 0.8031556372549019 0.4837622549019608 0.010723039215686413 0.003676470588235294
0 0.2205882352941176 0.5177696078431373 0.012867647058823494 0.004901960784313725
0 0.6268382352941175 0.47993259803921573 0.007352941176470519 0.004595588235294117
0 0.7538296568627451 0.5314031862745098 0.012561274509803783 0.00704656862745105
0 0.9214154411764705 0.5424325980392156 0.008884803921568488 0.005821078431372479
0 0.7325367647058824 0.4502144607843137 0.00857843137254916 0.01133578431372549
0 0.45419730392156854 0.43504901960784315 0.019301470588235364 0.015318627450980426
0 0.46813725490196073 0.4440870098039215 0.02022058823529412 0.008272058823529412
0 0.24494485294117646 0.4443933823529411 0.016850490196078396 0.02052696078431369
0 0.1358762254901961 0.505361519607843 0.010723039215686275 0.003982843137254902
0 0.057444852941176475 0.45419730392156854 0.015012254901960783 0.012561274509803922
0 0.6200980392156863 0.5265012254901962 0.009191176470588234 0.005821078431372549
0 0.8131127450980392 0.5494791666666666 0.017769607843137254 0.008272058823529412
0 0.864889705882353 0.4742647058823529 0.03615196078431372 0.012867647058823529
0 0.8552389705882353 0.4469975490196079 0.035845588235294115 0.012867647058823529
0 0.9215686274509804 0.4731924019607844 0.011642156862745098 0.005821078431372549
0 0.9201899509803921 0.5056678921568627 0.023590686274509803 0.008272058823529412
0 0.6858149509803921 0.44454656862745096 0.015012254901960783 0.005514705882352941
0 0.5237438725490196 0.48100490196078427 0.008272058823529412 0.004901960784313725
0 0.4875919117647059 0.4518995098039215 0.010723039215686275 0.005514705882352941