0 0.26685049019607837 0.5090379901960784 0.04656862745098039 0.09283088235294125
0 0.3094362745098038 0.5003063725490196 0.04718137254901961 0.10232843137254895
0 0.3509497549019608 0.5067401960784312 0.04871323529411758 0.1084558823529411
0 0.39736519607843135 0.525735294117647 0.049019607843137254 0.09313725490196079
0 0.43964460784313725 0.5157781862745098 0.049019607843137254 0.10447303921568626
0 0.4799325980392156 0.5021446078431373 0.043198529411764844 0.09803921568627451
0 0.5212928921568627 0.5021446078431373 0.043198529411764566 0.10906862745098031
0 0.5635723039215684 0.5214460784313725 0.046875 0.10968137254901947
0 0.6043198529411764 0.5219056372549018 0.043198529411764774 0.14552696078431374
0 0.6715686274509804 0.5424325980392156 0.061887254901960786 0.10079656862745098
0 0.520220588235294 0.5911458333333333 0.11397058823529412 0.04564950980392143
0 0.4131433823529411 0.5902267156862744 0.10018382352941176 0.040747549019607913
0 0.3033088235294118 0.5873161764705881 0.11397058823529412 0.04534313725490182
0 0.24601715686274508 0.5732230392156863 0.02818627450980385 0.026960784313725488
0 0.31648284313725494 0.5412071078431373 0.01593137254901964 0.014399509803921708
0 0.352328431372549 0.5549938725490196 0.012254901960784314 0.006433823529411764
0 0.43121936274509787 0.5588235294117647 0.013174019607843137 0.006127450980392157
0 0.47778799019607837 0.5404411764705882 0.010110294117646919 0.007965686274509944
0 0.5219056372549019 0.5490196078431372 0.010723039215686205 0.004901960784313586
0 0.44837622549019596 0.37806372549019607 0.024816176470588307 0.011642156862745133
0 0.4140625 0.38082107843137253 0.03768382352941176 0.016544117647058824
0 0.38679534313725494 0.38924632352941174 0.023590686274509803 0.028492647058823494
0 0.650735294117647 0.41850490196078427 0.02267156862745112 0.02634803921568634
0 0.611672794117647 0.8049938725490196 0.006433823529411764 0.01746323529411751
0 0.6066176470588235 0.5883884803921567 0.02022058823529412 0.01133578431372549