0 0.5617881373355263 0.47037500000000004 0.07727693256578948 0.05175
0 0.5099378083881578 0.500625 0.07328844572368422 0.03075
0 0.5936960320723684 0.48812500000000003 0.014956825657894737 0.01475
0 0.48127055921052636 0.45675 0.024928042763157895 0.041
0 0.42730134662828945 0.49725 0.03714278371710526 0.0455
0 0.32198036595394736 0.779375 0.08475534539473685 0.06625
0 0.6393143503289475 0.883 0.030910773026315792 0.0095
0 0.6061600534539474 0.5465 0.019942434210526317 0.019
0 0.45173082853618424 0.716 0.03664422286184211 0.007000000000000001
0 0.5386050575657896 0.43587499999999996 0.07328844572368422 0.05625
0 0.5237728721217104 0.56575 0.00972193667763158 0.011