0 0.5661764705882353 0.4430147058823529 0.18566176470588228 0.1403186274509804
0 0.49295343137254893 0.48253676470588236 0.041666666666666595 0.03860294117647066
0 0.2731311274509804 0.24908088235294118 0.2956495098039215 0.24877450980392157
0 0.31571691176470584 0.4473039215686274 0.02359068627450977 0.0196078431372549
0 0.2598039215686274 0.5087316176470588 0.018382352941176468 0.016850490196078503
0 0.24280024509803919 0.4129901960784313 0.18474264705882348 0.08149509803921569
0 0.1488970588235294 0.3636642156862745 0.04779411764705881 0.03553921568627451
0 0.16498161764705882 0.3733149509803921 0.018075980392156854 0.01991421568627451
0 0.14460784313725492 0.6058517156862744 0.03860294117647059 0.25949754901960775
0 0.17356004901960784 0.6253063725490196 0.04932598039215686 0.1409313725490197
0 0.40808823529411764 0.6308210784313725 0.012867647058823494 0.01286764705882339
0 0.18979779411764705 0.5393688725490197 0.060968137254901945 0.05361519607843137
0 0.15425857843137253 0.15517769607843138 0.0585171568627451 0.04748774509803923