0 0.20450367647058823 0.5707720588235294 0.05606617647058824 0.054534313725490266
0 0.1793811274509804 0.5873161764705882 0.017463235294117647 0.005514705882352871
0 0.2477022058823529 0.5606617647058824 0.04381127450980392 0.04779411764705889
0 0.5791973039215687 0.8040747549019608 0.0340073529411764 0.008884803921568627
0 0.6110600490196079 0.7670036764705882 0.017463235294117647 0.014399509803921708
0 0.5654105392156863 0.7011335784313725 0.016237745098039217 0.00704656862745105
0 0.6415441176470588 0.6971507352941175 0.010416666666666668 0.018688725490196078
0 0.5801164215686274 0.7723651960784312 0.06403186274509803 0.05330882352941183
0 0.901501225490196 0.7440257352941175 0.013174019607842999 0.0223651960784313
0 0.5583639705882353 0.6369485294117647 0.005208333333333334 0.012254901960784244
0 0.23651960784313725 0.6766237745098038 0.015318627450980393 0.011948529411764705
0 0.9330575980392158 0.8700980392156863 0.016237745098039217 0.00857843137254902